1000
(100000000000000000000)
#<output: standard output /dev/pts/1>
- 8 7 4
- 7 5 5
- 8 4 7
- 24 23 7
+ 7 4 8
- 49 48 10
- 25 22 12
- 83 82 13
- 49 47 14
- 126 125 16
- 31 26 17
- 72 70 17
- 29 22 19
- 178 177 19
- 42 37 20
- 74 71 21
- 25 12 22
- 29 19 22
- 239 238 22
- 24 7 23
+ 23 7 24
+ 22 12 25
- 36 26 25
- 309 308 25
- 31 17 26
- 36 25 26
- 168 166 26
- 59 52 28
- 99 95 28
- 388 387 28
+ 22 19 29
- 209 207 29
- 150 147 30
+ 26 17 31
- 121 117 31
- 476 475 31
- 104 99 32
- 93 87 33
- 573 572 34
- 80 72 35
- 124 119 35
+ 26 25 36
- 76 67 36
- 42 20 37
- 73 63 37
- 679 678 37
- 359 357 38
- 69 57 39
- 253 250 39
- 117 110 40
- 794 793 40
- 418 416 41
+ 37 20 42
- 66 51 42
- 149 143 42
- 918 917 43
- 93 82 44
- 65 47 45
- 49 14 47
- 65 45 47
- 222 217 47
- 49 10 48
- 383 380 48
+ 47 14 49
+ 48 10 49
- 174 167 49
- 251 246 50
- 622 620 50
- 66 42 51
- 59 28 52
- 110 97 52
- 338 334 52
- 699 697 53
- 378 374 55
- 199 191 56
- 69 39 57
- 540 537 57
+ 52 28 59
- 163 152 59
- 127 112 60
- 149 136 61
- 268 261 61
- 385 380 62
- 957 955 62
- 73 37 63
- 224 215 63
+ 47 45 65
- 94 68 65
- 423 418 65
+ 51 42 66
- 724 721 66
- 76 36 67
- 102 77 67
- 94 65 68
- 144 127 68
+ 57 39 69
- 398 392 69
- 72 17 70
- 122 100 70
- 138 119 70
- 249 239 70
- 352 345 70
- 74 21 71
+ 70 17 72
- 80 35 72
+ 63 37 73
+ 71 21 74
- 118 92 74
- 169 152 74
- 144 123 75
- 935 932 75
+ 67 36 76
- 161 142 76
- 721 717 76
- 102 67 77
- 140 117 77
- 218 204 77
- 274 263 77
- 593 588 77
- 508 502 78
- 779 775 79
+ 72 35 80
- 640 635 80
- 83 13 82
- 93 44 82
- 340 330 82
- 482 475 82
+ 82 13 83
- 433 425 83
- 178 157 84
- 299 287 84
- 123 89 85
- 365 355 85
- 93 33 87
- 259 244 87
- 123 85 89
- 289 275 89
- 453 444 90
- 266 250 91
- 324 311 91
- 593 586 91
- 118 74 92
- 195 172 92
- 221 201 92
- 389 378 92
- 846 841 92
+ 82 44 93
+ 87 33 93
+ 68 65 94
- 99 28 95
- 235 215 95
- 902 897 95
- 110 52 97
- 474 464 97
- 349 335 98
+ 95 28 99
- 104 32 99
- 122 70 100
- 212 187 100
- 390 377 100
+ 77 67 102
- 188 158 102
- 203 175 103
- 759 752 103
+ 99 32 104
- 678 670 104
- 152 110 105
- 374 359 105
- 919 913 105
- 229 202 108
+ 97 52 110
- 117 40 110
- 152 105 110
- 190 155 110
- 438 424 110
- 554 543 110
- 518 506 111
- 127 60 112
- 399 383 112
- 897 890 112
- 258 232 113
- 213 180 114
- 175 132 115
- 185 145 115
- 246 217 116
+ 110 40 117
- 121 31 117
- 140 77 117
- 763 754 117
+ 92 74 118
- 124 35 119
- 138 70 119
- 424 407 119
+ 117 31 121
- 343 321 121
+ 100 70 122
+ 89 85 123
- 144 75 123
+ 119 35 124
- 263 232 124
- 288 260 124
- 126 16 125
- 181 131 125
- 467 450 125
- 714 703 125
+ 125 16 126
- 449 431 126
+ 112 60 127
- 144 68 127
- 433 414 127
- 655 642 130
- 848 838 130
- 181 125 131
- 175 115 132
- 280 247 132
- 587 572 132
- 474 455 133
- 149 61 136
- 268 231 136
- 249 208 137
+ 119 70 138
- 463 442 138
- 748 735 139
+ 117 77 140
- 297 262 140
- 499 479 140
- 161 76 142
- 313 279 142
- 415 390 142
- 149 42 143
- 254 210 143
- 933 922 143
+ 123 75 144
+ 127 68 144
- 185 115 145
- 210 152 145
- 354 323 145
- 299 261 146
- 474 451 146
- 150 30 147
- 524 503 147
- 314 277 148
+ 136 61 149
+ 143 42 149
+ 147 30 150
- 756 741 150
+ 110 105 152
- 163 59 152
- 169 74 152
- 210 145 152
- 234 178 152
- 347 312 152
- 658 640 153
- 549 527 154
- 190 110 155
- 428 399 155
- 331 292 156
- 178 84 157
- 188 102 158
- 273 222 159
+ 142 76 161
- 574 551 161
- 931 917 161
+ 152 59 163
- 248 187 163
- 348 307 164
- 239 173 165
- 267 210 165
- 368 329 165
- 468 438 165
- 168 26 166
- 174 49 167
- 706 686 167
+ 166 26 168
- 599 575 168
+ 152 74 169
- 333 287 169
- 659 637 169
- 857 840 170
- 195 92 172
- 365 322 172
- 239 165 173
+ 167 49 174
+ 132 115 175
- 203 103 175
- 560 532 175
- 624 599 175
- 918 901 176
- 178 19 177
+ 157 84 178
+ 177 19 178
- 234 152 178
- 213 114 180
- 382 337 180
+ 131 125 181
- 287 222 182
- 490 455 182
- 649 623 182
- 899 880 184
+ 145 115 185
- 268 194 185
- 212 100 187
- 248 163 187
- 345 290 187
+ 158 102 188
- 399 352 188
- 674 647 189
+ 155 110 190
- 958 939 190
- 199 56 191
- 436 392 191
- 283 208 192
- 564 530 193
- 268 185 194
+ 172 92 195
- 803 779 195
- 416 367 196
- 699 671 196
- 358 299 197
+ 191 56 199
- 221 92 201
- 971 950 201
- 229 108 202
- 398 343 202
- 937 915 202
+ 175 103 203
- 659 627 203
- 724 695 203
- 218 77 204
- 433 382 204
- 297 215 205
- 209 29 207
- 498 453 207
- 249 137 208
- 283 192 208
+ 207 29 209
- 593 555 209
+ 152 145 210
- 254 143 210
- 267 165 210
- 749 719 210
- 321 242 211
+ 187 100 212
- 450 397 212
+ 180 114 213
- 304 217 213
- 703 670 213
- 224 63 215
- 235 95 215
- 297 205 215
- 677 642 215
- 222 47 217
- 246 116 217
- 304 213 217
- 371 301 217
- 774 743 217
- 953 928 217
+ 204 77 218
- 523 475 219
- 467 412 220
+ 201 92 221
- 951 925 221
+ 217 47 222
- 273 159 222
- 287 182 222
- 607 565 222
+ 215 63 224
- 364 287 224
- 799 767 224
- 326 236 225
- 484 427 228
+ 202 108 229
- 559 510 229
- 439 374 230
- 525 472 230
- 268 136 231
- 824 791 231
- 258 113 232
- 263 124 232
- 692 652 232
+ 178 152 234
+ 215 95 235
- 463 399 235
- 529 474 235
- 326 225 236
- 501 442 236
- 950 920 237
- 239 22 238
- 638 592 238
- 849 815 238
- 928 897 238
+ 173 165 239
+ 238 22 239
- 249 70 239
- 321 211 242
- 610 560 242
- 259 87 244
- 518 457 244
- 713 670 244
- 355 257 245
- 874 839 245
+ 217 116 246
- 251 50 246
- 491 425 246
- 280 132 247
- 439 363 247
- 612 560 247
- 842 805 247
+ 187 163 248
+ 208 137 249
+ 239 70 249
- 253 39 250
- 266 91 250
- 481 411 250
+ 246 50 251
- 693 646 251
- 535 472 252
- 899 863 252
+ 250 39 253
- 718 672 253
+ 210 143 254
- 355 245 257
- 467 390 257
- 960 925 257
+ 232 113 258
+ 244 87 259
- 394 297 259
- 924 887 259
- 288 124 260
- 403 308 260
- 552 487 260
- 844 803 260
- 268 61 261
- 299 146 261
- 297 140 262
+ 232 124 263
- 274 77 263
- 384 278 265
+ 250 91 266
- 949 911 266
+ 210 165 267
- 419 323 267
+ 194 185 268
+ 231 136 268
+ 261 61 268
- 528 455 268
- 569 502 268
- 614 552 269
- 502 422 272
+ 222 159 273
- 974 935 273
+ 263 77 274
- 289 89 275
- 586 517 276
- 314 148 277
- 384 265 278
- 443 345 278
- 313 142 279
+ 247 132 280
- 999 959 280
+ 208 192 283
- 484 392 284
- 603 532 284
- 413 299 285
- 439 334 285
- 987 945 285
+ 222 182 287
- 299 84 287
- 333 169 287
- 364 224 287
+ 260 124 288
+ 275 89 289
- 345 187 290
- 437 327 290
- 331 156 292
- 476 376 292
- 620 547 292
- 554 469 295
- 862 810 295
+ 215 205 297
+ 262 140 297
- 394 259 297
- 843 789 297
- 519 425 298
+ 261 146 299
+ 287 84 299
- 358 197 299
- 413 285 299
- 530 437 300
- 637 562 300
- 371 217 301
- 593 511 301
+ 217 213 304
- 442 320 305
- 774 711 306
- 348 164 307
- 467 352 307
- 309 25 308
- 403 260 308
- 654 577 308
- 703 632 308
+ 308 25 309
- 324 91 311
- 347 152 312
- 979 928 312
+ 279 142 313
- 764 697 313
+ 277 148 314
- 671 592 316
- 576 481 317
- 442 305 320
+ 242 211 321
- 343 121 321
- 699 621 321
- 365 172 322
- 508 393 322
- 775 705 322
- 354 145 323
- 419 267 323
+ 311 91 324
- 688 607 324
- 471 341 325
+ 236 225 326
- 437 290 327
- 678 594 327
- 368 165 329
- 514 395 329
- 340 82 330
- 823 754 330
+ 292 156 331
- 705 622 332
+ 287 169 333
- 338 52 334
- 439 285 334
- 658 567 334
- 349 98 335
- 382 180 337
+ 334 52 338
+ 330 82 340
- 722 637 340
- 471 325 341
- 793 716 341
- 968 906 341
+ 321 121 343
- 398 202 343
+ 290 187 345
- 352 70 345
- 443 278 345
- 500 362 345
- 934 868 345
+ 312 152 347
- 792 712 347
- 958 893 347
+ 307 164 348
- 739 652 348
+ 335 98 349
- 624 516 351
+ 345 70 352
- 399 188 352
- 467 307 352
+ 323 145 354
+ 257 245 355
- 365 85 355
- 540 407 355
- 756 667 356
- 359 38 357
- 659 554 357
+ 299 197 358
+ 357 38 359
- 374 105 359
- 612 495 360
- 500 345 362
- 439 247 363
+ 287 224 364
- 773 682 364
+ 322 172 365
+ 355 85 365
- 529 383 365
- 416 196 367
- 723 623 367
+ 329 165 368
- 603 477 369
+ 301 217 371
- 790 697 372
+ 359 105 374
- 378 55 374
- 439 230 374
- 476 292 376
- 390 100 377
- 685 572 377
+ 374 55 378
- 389 92 378
- 383 48 380
- 385 62 380
- 807 712 380
+ 337 180 382
- 433 204 382
+ 380 48 383
- 399 112 383
- 529 365 383
+ 278 265 384
+ 380 62 385
- 558 404 385
- 881 792 386
- 388 28 387
+ 387 28 388
- 824 727 388
+ 378 92 389
+ 377 100 390
- 415 142 390
- 467 257 390
- 398 69 392
- 436 191 392
- 484 284 392
- 508 322 393
- 734 620 393
+ 297 259 394
- 514 329 395
- 841 742 396
- 450 212 397
- 969 884 397
+ 343 202 398
+ 392 69 398
+ 352 188 399
+ 383 112 399
- 428 155 399
- 463 235 399
- 588 432 399
- 989 905 399
- 788 679 400
+ 308 260 403
- 613 462 403
- 558 385 404
- 858 757 404
- 587 425 405
- 424 119 407
- 540 355 407
- 481 250 411
- 467 220 412
- 875 772 412
+ 299 285 413
- 433 127 414
+ 390 142 415
+ 367 196 416
- 418 41 416
+ 416 41 418
- 423 65 418
- 644 490 418
- 723 590 418
+ 323 267 419
- 892 787 420
- 502 272 422
- 864 754 422
+ 418 65 423
+ 407 119 424
- 438 110 424
- 433 83 425
- 491 246 425
- 519 298 425
- 587 405 425
- 616 446 425
- 818 699 425
- 970 872 425
- 484 228 427
+ 399 155 428
- 909 802 428
- 449 126 431
- 588 399 432
+ 382 204 433
+ 414 127 433
+ 425 83 433
- 853 735 433
- 848 728 435
+ 392 191 436
- 926 817 436
+ 327 290 437
- 530 300 437
- 794 663 437
+ 424 110 438
- 468 165 438
+ 334 285 439
+ 363 247 439
+ 374 230 439
+ 320 305 442
- 463 138 442
- 501 236 442
- 816 686 442
- 974 868 442
+ 345 278 443
- 453 90 444
- 943 832 444
- 645 467 445
- 755 610 445
- 918 803 445
- 616 425 446
+ 431 126 449
+ 397 212 450
- 467 125 450
- 474 146 451
- 686 517 451
- 960 847 452
+ 444 90 453
- 498 207 453
- 474 133 455
- 490 182 455
- 528 268 455
- 745 590 455
- 795 652 455
- 809 669 455
- 518 244 457
- 977 862 460
- 613 403 462
- 729 564 462
+ 399 235 463
+ 442 138 463
- 474 97 464
- 674 488 465
- 940 817 465
- 918 791 466
+ 352 307 467
+ 390 257 467
+ 412 220 467
+ 450 125 467
- 645 445 467
+ 438 165 468
- 994 877 468
- 554 295 469
- 893 760 469
+ 341 325 471
- 525 230 472
- 535 252 472
+ 451 146 474
+ 455 133 474
+ 464 97 474
- 529 235 474
- 476 31 475
- 482 82 475
- 523 219 475
+ 376 292 476
+ 475 31 476
- 603 369 477
- 499 140 479
+ 411 250 481
- 576 317 481
+ 475 82 482
- 768 598 482
- 778 610 483
+ 392 284 484
+ 427 228 484
- 703 509 485
- 552 260 487
- 674 465 488
- 859 707 488
+ 455 182 490
- 644 418 490
- 988 858 490
+ 425 246 491
- 772 595 492
- 612 360 495
- 903 754 497
+ 453 207 498
+ 479 140 499
- 759 572 499
- 983 847 499
+ 362 345 500
+ 442 236 501
+ 422 272 502
- 508 78 502
- 569 268 502
- 524 147 503
- 732 530 505
- 518 111 506
+ 393 322 508
+ 502 78 508
- 703 485 509
- 559 229 510
- 593 301 511
+ 395 329 514
- 624 351 516
- 931 775 516
- 586 276 517
- 686 451 517
+ 457 244 518
+ 506 111 518
+ 425 298 519
+ 475 219 523
+ 503 147 524
+ 472 230 525
- 761 551 525
- 916 750 526
- 549 154 527
- 973 818 527
+ 455 268 528
+ 383 365 529
+ 474 235 529
+ 437 300 530
- 564 193 530
- 732 505 530
- 560 175 532
- 603 284 532
- 753 533 532
- 753 532 533
+ 472 252 535
- 540 57 537
- 913 737 539
+ 407 355 540
+ 537 57 540
- 554 110 543
- 790 572 545
- 798 583 545
- 620 292 547
- 832 627 547
- 814 602 548
+ 527 154 549
- 902 715 550
- 574 161 551
- 761 525 551
- 849 646 551
+ 487 260 552
- 614 269 552
+ 469 295 554
+ 543 110 554
- 659 357 554
- 593 209 555
- 887 692 555
+ 404 385 558
+ 510 229 559
- 994 822 559
+ 532 175 560
- 610 242 560
- 612 247 560
- 991 817 561
- 637 300 562
+ 530 193 564
- 729 462 564
- 607 222 565
- 819 593 565
- 658 334 567
+ 502 268 569
- 573 34 572
- 587 132 572
- 685 377 572
- 759 499 572
- 790 545 572
+ 572 34 573
+ 551 161 574
- 599 168 575
+ 481 317 576
- 654 308 577
- 833 598 580
- 798 545 583
- 848 614 585
+ 517 276 586
- 593 91 586
+ 425 405 587
+ 572 132 587
+ 432 399 588
- 593 77 588
- 723 418 590
- 745 455 590
- 638 238 592
- 671 316 592
+ 511 301 593
+ 555 209 593
+ 586 91 593
+ 588 77 593
- 819 565 593
- 678 327 594
- 772 492 595
- 905 682 595
- 768 482 598
- 833 580 598
+ 575 168 599
- 624 175 599
- 814 548 602
- 950 735 602
+ 477 369 603
+ 532 284 603
- 877 635 605
- 893 656 606
+ 565 222 607
- 688 324 607
- 869 620 609
- 918 687 609
+ 560 242 610
- 755 445 610
- 778 483 610
+ 495 360 612
+ 560 247 612
+ 462 403 613
+ 552 269 614
- 848 585 614
+ 446 425 616
+ 547 292 620
- 622 50 620
- 734 393 620
- 869 609 620
- 699 321 621
+ 620 50 622
- 705 332 622
- 649 182 623
- 723 367 623
+ 516 351 624
+ 599 175 624
- 906 656 625
- 659 203 627
- 832 547 627
- 703 308 632
- 640 80 635
- 877 605 635
+ 562 300 637
- 659 169 637
- 722 340 637
+ 592 238 638
+ 635 80 640
- 658 153 640
- 655 130 642
- 677 215 642
- 978 737 643
+ 490 418 644
+ 467 445 645
- 935 677 645
- 693 251 646
- 849 551 646
- 968 721 646
- 674 189 647
+ 623 182 649
- 692 232 652
- 739 348 652
- 795 455 652
+ 577 308 654
+ 642 130 655
- 893 606 656
- 906 625 656
+ 567 334 658
+ 640 153 658
+ 554 357 659
+ 627 203 659
+ 637 169 659
- 794 437 663
- 964 698 665
- 756 356 667
- 809 455 669
- 678 104 670
- 703 213 670
- 713 244 670
+ 592 316 671
- 699 196 671
- 718 253 672
+ 488 465 674
+ 647 189 674
+ 642 215 677
- 935 645 677
+ 594 327 678
+ 670 104 678
- 679 37 678
+ 678 37 679
- 788 400 679
- 773 364 682
- 905 595 682
+ 572 377 685
- 993 719 685
+ 517 451 686
- 706 167 686
- 816 442 686
- 918 609 687
+ 607 324 688
+ 652 232 692
- 887 555 692
+ 646 251 693
- 724 203 695
- 699 53 697
- 764 313 697
- 790 372 697
- 964 665 698
+ 621 321 699
+ 671 196 699
+ 697 53 699
- 818 425 699
+ 509 485 703
+ 632 308 703
+ 670 213 703
- 714 125 703
+ 622 332 705
- 775 322 705
+ 686 167 706
- 859 488 707
- 774 306 711
- 792 347 712
- 807 380 712
+ 670 244 713
+ 703 125 714
- 902 550 715
- 793 341 716
- 721 76 717
+ 672 253 718
- 749 210 719
- 993 685 719
+ 717 76 721
- 724 66 721
- 968 646 721
+ 637 340 722
+ 590 418 723
+ 623 367 723
+ 695 203 724
+ 721 66 724
- 824 388 727
- 848 435 728
+ 564 462 729
+ 530 505 732
+ 620 393 734
- 748 139 735
- 853 433 735
- 950 602 735
- 913 539 737
- 978 643 737
+ 652 348 739
- 756 150 741
- 841 396 742
- 774 217 743
+ 590 455 745
+ 735 139 748
+ 719 210 749
- 916 526 750
- 759 103 752
+ 533 532 753
- 763 117 754
- 823 330 754
- 864 422 754
- 903 497 754
+ 610 445 755
+ 667 356 756
+ 741 150 756
- 858 404 757
+ 572 499 759
+ 752 103 759
- 893 469 760
+ 551 525 761
+ 754 117 763
+ 697 313 764
- 799 224 767
+ 598 482 768
+ 595 492 772
- 875 412 772
+ 682 364 773
+ 711 306 774
+ 743 217 774
+ 705 322 775
- 779 79 775
- 931 516 775
+ 610 483 778
+ 775 79 779
- 803 195 779
- 892 420 787
+ 679 400 788
- 843 297 789
+ 572 545 790
+ 697 372 790
- 824 231 791
- 918 466 791
+ 712 347 792
- 881 386 792
+ 716 341 793
- 794 40 793
+ 663 437 794
+ 793 40 794
+ 652 455 795
+ 583 545 798
+ 767 224 799
- 909 428 802
+ 779 195 803
- 844 260 803
- 918 445 803
- 842 247 805
+ 712 380 807
+ 669 455 809
- 862 295 810
+ 602 548 814
- 849 238 815
+ 686 442 816
- 926 436 817
- 940 465 817
- 991 561 817
+ 699 425 818
- 973 527 818
+ 593 565 819
- 994 559 822
+ 754 330 823
+ 727 388 824
+ 791 231 824
+ 627 547 832
- 943 444 832
+ 598 580 833
- 848 130 838
- 874 245 839
- 857 170 840
+ 742 396 841
- 846 92 841
+ 805 247 842
+ 789 297 843
+ 803 260 844
+ 841 92 846
- 960 452 847
- 983 499 847
+ 614 585 848
+ 728 435 848
+ 838 130 848
+ 646 551 849
+ 815 238 849
+ 735 433 853
+ 840 170 857
+ 757 404 858
- 988 490 858
+ 707 488 859
+ 810 295 862
- 977 460 862
- 899 252 863
+ 754 422 864
- 934 345 868
- 974 442 868
+ 620 609 869
- 970 425 872
+ 839 245 874
+ 772 412 875
+ 635 605 877
- 994 468 877
- 899 184 880
+ 792 386 881
- 969 397 884
+ 692 555 887
- 924 259 887
- 897 112 890
+ 787 420 892
+ 656 606 893
+ 760 469 893
- 958 347 893
+ 890 112 897
- 902 95 897
- 928 238 897
+ 863 252 899
+ 880 184 899
- 918 176 901
+ 715 550 902
+ 897 95 902
+ 754 497 903
+ 682 595 905
- 989 399 905
+ 656 625 906
- 968 341 906
+ 802 428 909
- 949 266 911
+ 737 539 913
- 919 105 913
- 937 202 915
+ 750 526 916
- 918 43 917
- 931 161 917
+ 687 609 918
+ 791 466 918
+ 803 445 918
+ 901 176 918
+ 917 43 918
+ 913 105 919
- 950 237 920
- 933 143 922
+ 887 259 924
- 951 221 925
- 960 257 925
+ 817 436 926
+ 897 238 928
- 953 217 928
- 979 312 928
+ 775 516 931
+ 917 161 931
- 935 75 932
+ 922 143 933
+ 868 345 934
+ 677 645 935
+ 932 75 935
- 974 273 935
+ 915 202 937
- 958 190 939
+ 817 465 940
+ 832 444 943
- 987 285 945
+ 911 266 949
+ 735 602 950
+ 920 237 950
- 971 201 950
+ 925 221 951
+ 928 217 953
- 957 62 955
+ 955 62 957
+ 893 347 958
+ 939 190 958
- 999 280 959
+ 847 452 960
+ 925 257 960
+ 698 665 964
+ 721 646 968
+ 906 341 968
+ 884 397 969
+ 872 425 970
+ 950 201 971
+ 818 527 973
+ 868 442 974
+ 935 273 974
+ 862 460 977
+ 737 643 978
+ 928 312 979
+ 847 499 983
+ 945 285 987
+ 858 490 988
+ 905 399 989
+ 817 561 991
+ 719 685 993
+ 822 559 994
+ 877 468 994
+ 959 280 999
+ 892 476 1011
+ 950 346 1011
+ 845 557 1012
+ 992 215 1015
+ 836 581 1018
+ 961 336 1018
+ 740 705 1022
+ 994 242 1023
+ 805 633 1024
+ 983 287 1024
+ 907 484 1028
+ 979 317 1029
+ 999 282 1038
+ 747 728 1043
+ 765 712 1045
+ 922 492 1045
+ 903 532 1048
+ 761 725 1051
+ 792 691 1051
+ 957 437 1052
+ 802 684 1054
+ 893 560 1054
+ 952 464 1059
+ 937 500 1062
+ 852 654 1074
+ 952 508 1079
+ 782 745 1080
+ 876 642 1086
+ 805 735 1090
+ 851 686 1093
+ 967 516 1096
+ 803 765 1109
+ 959 565 1113
+ 982 524 1113
+ 846 731 1118
+ 936 617 1121
+ 847 739 1124
+ 867 717 1125
+ 950 612 1130
+ 997 532 1130
+ 834 767 1133
+ 824 785 1138
+ 925 663 1138
+ 987 600 1155
+ 845 805 1167
+ 906 742 1171
+ 975 663 1179
+ 909 765 1188
+ 866 825 1196
+ 902 787 1197
+ 992 670 1197
+ 880 813 1198
+ 957 760 1222
+ 887 845 1225
+ 908 865 1254
+ 958 817 1259
+ 957 835 1270
+ 929 885 1283
+ 950 905 1312
+ 971 925 1341
+ 992 945 1370
